TRACE (ver. 080911) @ frequency of    1700.00     Hz
Reg Path(Re)  TimeG(s) %dTimeG/T %dPath/WL    WL(km)    R(Re) Alt(km)    Lat^o   Long^o     L(Re)     F/Fge     F/FgH   n(cm-3)   %H+  %He+   %O+ LHR/kHz   RefrInd VeK^o AzK^o ThK^o ThG^o PhK^o Gen^o Res^o
 0  0.00      0.00      0.00      0.00      13.1      5.09923  26117.   0.0000   0.0000  5.10         0.334   613.415     10.28 100.0   0.0   0.0   0.117  13.5      60.0 180.0 150.0 175.2   0.0 131.9 109.5
 0 0.821E-02 0.174E-02  29.6      40.1      13.1      5.09989  26121.  -0.0919   0.0000  5.10         0.334   613.651     10.28 100.0   0.0   0.0   0.117  13.5      59.8 180.0 149.6 175.2   0.0 131.9 109.5
 0 0.164E-01 0.348E-02  29.7      40.2      13.0      5.10052  26125.  -0.1837   0.0000  5.10         0.334   613.871     10.28 100.0   0.0   0.0   0.117  13.6      59.6 180.0 149.3 175.2   0.0 132.0 109.5
 0 0.246E-01 0.523E-02  29.7      40.3      13.0      5.10112  26129.  -0.2757   0.0000  5.10         0.334   614.077     10.28 100.0   0.0   0.0   0.117  13.6      59.5 180.0 148.9 175.2   0.0 132.0 109.5
 0 0.328E-01 0.698E-02  29.8      40.5      12.9      5.10169  26133.  -0.3676   0.0000  5.10         0.335   614.267     10.28 100.0   0.0   0.0   0.117  13.6      59.3 180.0 148.5 175.3   0.0 132.0 109.5
 0 0.411E-01 0.874E-02  29.9      40.6      12.9      5.10223  26136.  -0.4596   0.0000  5.10         0.335   614.441     10.28 100.0   0.0   0.0   0.117  13.7      59.1 180.0 148.2 175.3   0.0 132.0 109.6
 0 0.493E-01 0.105E-01  30.0      40.8      12.8      5.10274  26139.  -0.5517   0.0000  5.10         0.335   614.599     10.28 100.0   0.0   0.0   0.117  13.7      58.9 180.0 147.8 175.3   0.0 132.0 109.6
 0 0.575E-01 0.123E-01  30.1      40.9      12.8      5.10322  26142.  -0.6438   0.0000  5.10         0.335   614.741     10.28 100.0   0.0   0.0   0.117  13.8      58.8 180.0 147.5 175.3   0.0 132.0 109.6
 0 0.657E-01 0.140E-01  30.2      41.1      12.7      5.10367  26145.  -0.7359   0.0000  5.10         0.335   614.868     10.28 100.0   0.0   0.0   0.117  13.8      58.6 180.0 147.1 175.4   0.0 132.1 109.6
 0 0.739E-01 0.158E-01  30.2      41.2      12.7      5.10409  26148.  -0.8281   0.0000  5.11         0.335   614.978     10.28 100.0   0.0   0.0   0.117  13.9      58.4 180.0 146.8 175.4   0.0 132.1 109.6
 0 0.821E-01 0.176E-01  30.3      41.4      12.7      5.10447  26150.  -0.9203   0.0000  5.11         0.335   615.071     10.28 100.0   0.0   0.0   0.117  13.9      58.2 180.0 146.4 175.5   0.0 132.1 109.6
 0 0.903E-01 0.194E-01  30.4      41.5      12.6      5.10482  26153.  -1.0125   0.0000  5.11         0.335   615.148     10.28 100.0   0.0   0.0   0.117  14.0      58.1 180.0 146.1 175.5   0.0 132.1 109.6
 0 0.986E-01 0.212E-01  30.5      41.7      12.6      5.10514  26155.  -1.1047   0.0000  5.11         0.335   615.208     10.27 100.0   0.0   0.0   0.117  14.0      57.9 180.0 145.7 175.5   0.0 132.1 109.6
 0 0.107     0.230E-01  30.6      41.9      12.5      5.10542  26156.  -1.1969   0.0000  5.11         0.335   615.252     10.27 100.0   0.0   0.0   0.117  14.1      57.7 180.0 145.4 175.6   0.0 132.1 109.6
 0 0.115     0.248E-01  30.7      42.1      12.5      5.10568  26158.  -1.2893   0.0000  5.11         0.335   615.278     10.27 100.0   0.0   0.0   0.117  14.1      57.6 180.0 145.0 175.6   0.0 132.1 109.6
 0 0.123     0.266E-01  30.8      42.2      12.4      5.10589  26159.  -1.3817   0.0000  5.11         0.335   615.287     10.27 100.0   0.0   0.0   0.117  14.2      57.4 180.0 144.7 175.7   0.0 132.1 109.6
 0 0.132     0.284E-01  30.9      42.4      12.4      5.10607  26161.  -1.4742   0.0000  5.11         0.335   615.279     10.27 100.0   0.0   0.0   0.117  14.2      57.3 180.0 144.3 175.8   0.0 132.1 109.6
 0 0.140     0.302E-01  31.0      42.6      12.3      5.10622  26162.  -1.5667   0.0000  5.11         0.335   615.253     10.27 100.0   0.0   0.0   0.117  14.3      57.1 180.0 144.0 175.8   0.0 132.1 109.6
 0 0.148     0.320E-01  31.1      42.8      12.3      5.10634  26162.  -1.6593   0.0000  5.11         0.335   615.210     10.27 100.0   0.0   0.0   0.117  14.3      56.9 180.0 143.6 175.9   0.0 132.1 109.6
 0 0.156     0.339E-01  31.2      43.0      12.2      5.10641  26163.  -1.7520   0.0000  5.11         0.335   615.149     10.27 100.0   0.0   0.0   0.117  14.4      56.8 180.0 143.3 175.9   0.0 132.1 109.6
 0 0.165     0.357E-01  31.3      43.2      12.2      5.10645  26163.  -1.8447   0.0000  5.11         0.335   615.070     10.27 100.0   0.0   0.0   0.117  14.5      56.6 180.0 142.9 176.0   0.0 132.1 109.6
 0 0.173     0.376E-01  31.4      43.4      12.2      5.10645  26163.  -1.9376   0.0000  5.11         0.335   614.973     10.27 100.0   0.0   0.0   0.117  14.5      56.5 180.0 142.6 176.1   0.0 132.1 109.6
 0 0.181     0.394E-01  31.5      43.6      12.1      5.10642  26163.  -2.0306   0.0000  5.11         0.335   614.858     10.27 100.0   0.0   0.0   0.117  14.6      56.3 180.0 142.3 176.1   0.0 132.1 109.6
 0 0.189     0.413E-01  31.6      43.8      12.1      5.10635  26162.  -2.1236   0.0000  5.11         0.335   614.724     10.27 100.0   0.0   0.0   0.117  14.6      56.2 180.0 141.9 176.2   0.0 132.0 109.6
 0 0.198     0.431E-01  31.7      44.0      12.0      5.10624  26162.  -2.2167   0.0000  5.11         0.335   614.572     10.27 100.0   0.0   0.0   0.117  14.7      56.0 180.0 141.6 176.3   0.0 132.0 109.6
 0 0.206     0.450E-01  31.8      44.3      12.0      5.10609  26161.  -2.3099   0.0000  5.11         0.335   614.401     10.27 100.0   0.0   0.0   0.117  14.7      55.9 180.0 141.3 176.4   0.0 132.0 109.6
 0 0.214     0.469E-01  31.9      44.5      11.9      5.10591  26160.  -2.4033   0.0000  5.11         0.335   614.211     10.27 100.0   0.0   0.0   0.117  14.8      55.7 180.0 140.9 176.4   0.0 132.0 109.5
 0 0.223     0.487E-01  32.0      44.7      11.9      5.10568  26158.  -2.4967   0.0000  5.12         0.334   614.002     10.27 100.0   0.0   0.0   0.117  14.8      55.6 180.0 140.6 176.5   0.0 132.0 109.5
 0 0.231     0.506E-01  32.1      45.0      11.8      5.10542  26156.  -2.5903   0.0000  5.12         0.334   613.773     10.27 100.0   0.0   0.0   0.117  14.9      55.4 180.0 140.3 176.6   0.0 132.0 109.5
 0 0.239     0.525E-01  32.2      45.2      11.8      5.10511  26154.  -2.6840   0.0000  5.12         0.334   613.526     10.28 100.0   0.0   0.0   0.117  15.0      55.3 180.0 139.9 176.7   0.0 131.9 109.5
 0 0.248     0.544E-01  32.3      45.5      11.7      5.10476  26152.  -2.7779   0.0000  5.12         0.334   613.258     10.28 100.0   0.0   0.0   0.117  15.0      55.1 180.0 139.6 176.8   0.0 131.9 109.5
 0 0.256     0.563E-01  32.5      45.7      11.7      5.10438  26150.  -2.8718   0.0000  5.12         0.334   612.972     10.28 100.0   0.0   0.0   0.117  15.1      55.0 180.0 139.3 176.9   0.0 131.9 109.5
 0 0.264     0.582E-01  32.6      46.0      11.6      5.10395  26147.  -2.9660   0.0000  5.12         0.334   612.665     10.28 100.0   0.0   0.0   0.117  15.1      54.9 180.0 138.9 176.9   0.0 131.9 109.5
 0 0.273     0.602E-01  32.7      46.2      11.6      5.10348  26144.  -3.0602   0.0000  5.12         0.334   612.338     10.28 100.0   0.0   0.0   0.117  15.2      54.7 180.0 138.6 177.0   0.0 131.8 109.5
 0 0.281     0.621E-01  32.8      46.5      11.5      5.10296  26141.  -3.1546   0.0000  5.12         0.333   611.991     10.28 100.0   0.0   0.0   0.117  15.3      54.6 180.0 138.3 177.1   0.0 131.8 109.5
 0 0.290     0.640E-01  32.9      46.8      11.5      5.10241  26137.  -3.2492   0.0000  5.12         0.333   611.623     10.28 100.0   0.0   0.0   0.117  15.3      54.4 180.0 138.0 177.2   0.0 131.8 109.5
 0 0.298     0.660E-01  33.1      47.1      11.5      5.10181  26133.  -3.3439   0.0000  5.12         0.333   611.235     10.28 100.0   0.0   0.0   0.117  15.4      54.3 180.0 137.6 177.3   0.0 131.7 109.4
 0 0.307     0.679E-01  33.2      47.4      11.4      5.10116  26129.  -3.4388   0.0000  5.12         0.333   610.826     10.28 100.0   0.0   0.0   0.117  15.5      54.2 180.0 137.3 177.4   0.0 131.7 109.4
 0 0.315     0.699E-01  33.3      47.7      11.4      5.10047  26125.  -3.5339   0.0000  5.12         0.332   610.396     10.28 100.0   0.0   0.0   0.117  15.5      54.0 180.0 137.0 177.5   0.0 131.7 109.4
 0 0.324     0.718E-01  33.5      48.0      11.3      5.09974  26120.  -3.6292   0.0000  5.12         0.332   609.946     10.28 100.0   0.0   0.0   0.118  15.6      53.9 180.0 136.7 177.6   0.0 131.6 109.4
 0 0.332     0.738E-01  33.6      48.3      11.3      5.09896  26115.  -3.7246   0.0000  5.12         0.332   609.473     10.28 100.0   0.0   0.0   0.118  15.7      53.8 180.0 136.4 177.7   0.0 131.6 109.4
 0 0.341     0.758E-01  33.7      48.6      11.2      5.09813  26110.  -3.8203   0.0000  5.12         0.332   608.979     10.29 100.0   0.0   0.0   0.118  15.7      53.6 180.0 136.0 177.8   0.0 131.6 109.4
 0 0.349     0.778E-01  33.8      49.0      11.2      5.09726  26104.  -3.9161   0.0000  5.12         0.331   608.463     10.29 100.0   0.0   0.0   0.118  15.8      53.5 180.0 135.7 178.0   0.0 131.5 109.4
 0 0.358     0.798E-01  34.0      49.3      11.1      5.09634  26099.  -4.0122   0.0000  5.12         0.331   607.927     10.29 100.0   0.0   0.0   0.118  15.9      53.4 180.0 135.4 178.1   0.0 131.5 109.3
 0 0.367     0.818E-01  34.1      49.7      11.1      5.09537  26092.  -4.1085   0.0000  5.12         0.331   607.367     10.29 100.0   0.0   0.0   0.118  15.9      53.3 180.0 135.1 178.2   0.0 131.4 109.3
 0 0.375     0.838E-01  34.3      50.0      11.0      5.09436  26086.  -4.2049   0.0000  5.12         0.330   606.785     10.29 100.0   0.0   0.0   0.118  16.0      53.1 180.0 134.8 178.3   0.0 131.4 109.3
 0 0.384     0.858E-01  34.4      50.4      11.0      5.09329  26079.  -4.3017   0.0000  5.12         0.330   606.180     10.29 100.0   0.0   0.0   0.118  16.1      53.0 180.0 134.5 178.4   0.0 131.3 109.3
 0 0.393     0.878E-01  34.6      50.8      10.9      5.09217  26072.  -4.3986   0.0000  5.12         0.330   605.553     10.29 100.0   0.0   0.0   0.118  16.1      52.9 180.0 134.2 178.5   0.0 131.3 109.3
 0 0.401     0.899E-01  34.7      51.1      10.9      5.09101  26065.  -4.4958   0.0000  5.12         0.329   604.904     10.30 100.0   0.0   0.0   0.119  16.2      52.8 180.0 133.8 178.6   0.0 131.2 109.2
 0 0.410     0.919E-01  34.8      51.5      10.8      5.08979  26057.  -4.5933   0.0000  5.12         0.329   604.231     10.30 100.0   0.0   0.0   0.119  16.3      52.7 180.0 133.5 178.8   0.0 131.2 109.2
 0 0.419     0.940E-01  35.0      51.9      10.8      5.08852  26049.  -4.6910   0.0000  5.12         0.329   603.535     10.30 100.0   0.0   0.0   0.119  16.4      52.5 180.0 133.2 178.9   0.0 131.1 109.2
 0 0.428     0.960E-01  35.2      52.3      10.7      5.08720  26040.  -4.7889   0.0000  5.12         0.328   602.816     10.30 100.0   0.0   0.0   0.119  16.4      52.4 180.0 132.9 179.0   0.0 131.0 109.2
 0 0.436     0.981E-01  35.3      52.8      10.7      5.08583  26032.  -4.8872   0.0000  5.12         0.328   602.073     10.30 100.0   0.0   0.0   0.119  16.5      52.3 180.0 132.6 179.1   0.0 131.0 109.1
 0 0.445     0.100      35.5      53.2      10.6      5.08440  26023.  -4.9857   0.0000  5.12         0.328   601.306     10.31 100.0   0.0   0.0   0.119  16.6      52.2 180.0 132.3 179.2   0.0 130.9 109.1
 0 0.454     0.102      35.6      53.6      10.6      5.08292  26013.  -5.0845   0.0000  5.12         0.327   600.515     10.31 100.0   0.0   0.0   0.119  16.7      52.1 180.0 132.0 179.4   0.0 130.9 109.1
 0 0.463     0.104      35.8      54.1      10.5      5.08138  26003.  -5.1836   0.0000  5.12         0.327   599.700     10.31 100.0   0.0   0.0   0.120  16.7      52.0 180.0 131.7 179.5   0.0 130.8 109.1
 0 0.472     0.106      35.9      54.5      10.5      5.07979  25993.  -5.2831   0.0000  5.12         0.326   598.860     10.31 100.0   0.0   0.0   0.120  16.8      51.9 180.0 131.4 179.6   0.0 130.7 109.0
 0 0.481     0.109      36.1      55.0      10.4      5.07814  25983.  -5.3828   0.0000  5.12         0.326   597.995     10.32 100.0   0.0   0.0   0.120  16.9      51.8 180.0 131.1 179.7   0.0 130.6 109.0
 0 0.490     0.111      36.3      55.5      10.4      5.07644  25972.  -5.4829   0.0000  5.12         0.325   597.106     10.32 100.0   0.0   0.0   0.120  17.0      51.7 180.0 130.8 179.9   0.0 130.6 109.0
 0 0.499     0.113      36.5      56.0      10.3      5.07468  25961.  -5.5832   0.0000  5.12         0.325   596.192     10.32 100.0   0.0   0.0   0.120  17.1      51.5 180.0 130.5 180.0   0.0 130.5 108.9
 0 0.508     0.115      36.6      56.5      10.3      5.07285  25949.  -5.6840   0.0000  5.12         0.324   595.252     10.32 100.0   0.0   0.0   0.120  17.1      51.4 180.0 130.2 180.1   0.0 130.4 108.9
 0 0.517     0.117      36.8      57.0      10.2      5.07097  25937.  -5.7851   0.0000  5.12         0.324   594.286     10.33 100.0   0.0   0.0   0.121  17.2      51.3 180.0 129.9 180.3   0.0 130.3 108.9
 0 0.527     0.119      37.0      57.6      10.2      5.06903  25925.  -5.8865   0.0000  5.12         0.323   593.294     10.33 100.0   0.0   0.0   0.121  17.3      51.2 180.0 129.6 180.4   0.0 130.3 108.9
 0 0.536     0.122      37.2      58.1      10.1      5.06703  25912.  -5.9883   0.0000  5.12         0.323   592.276     10.33 100.0   0.0   0.0   0.121  17.4      51.1 180.0 129.3 180.5   0.0 130.2 108.8
 0 0.545     0.124      37.4      58.7      10.1      5.06496  25899.  -6.0905   0.0000  5.12         0.322   591.232     10.34 100.0   0.0   0.0   0.121  17.5      51.0 180.0 129.0 180.7   0.0 130.1 108.8
 0 0.554     0.126      37.5      59.2      10.0      5.06283  25885.  -6.1930   0.0000  5.12         0.321   590.161     10.34 100.0   0.0   0.0   0.121  17.6      50.9 180.0 128.7 180.8   0.0 130.0 108.7
 0 0.564     0.128      37.7      59.8      9.99      5.06064  25871.  -6.2960   0.0000  5.12         0.321   589.063     10.34 100.0   0.0   0.0   0.122  17.7      50.9 180.0 128.4 180.9   0.0 129.9 108.7
 0 0.573     0.130      37.9      60.4      9.94      5.05839  25857.  -6.3994   0.0000  5.12         0.320   587.938     10.35 100.0   0.0   0.0   0.122  17.7      50.8 180.0 128.1 181.1   0.0 129.8 108.7
 0 0.583     0.133      38.1      61.0      9.89      5.05607  25842.  -6.5032   0.0000  5.12         0.320   586.786     10.35 100.0   0.0   0.0   0.122  17.8      50.7 180.0 127.8 181.2   0.0 129.7 108.6
 0 0.592     0.135      38.3      61.7      9.84      5.05368  25827.  -6.6074   0.0000  5.12         0.319   585.606     10.35 100.0   0.0   0.0   0.122  17.9      50.6 180.0 127.5 181.3   0.0 129.6 108.6
 0 0.602     0.137      38.5      62.3      9.79      5.05122  25811.  -6.7121   0.0000  5.12         0.318   584.399     10.36 100.0   0.0   0.0   0.123  18.0      50.5 180.0 127.2 181.5   0.0 129.5 108.6
 0 0.611     0.139      38.7      63.0      9.74      5.04870  25795.  -6.8172   0.0000  5.12         0.318   583.162     10.36 100.0   0.0   0.0   0.123  18.1      50.4 180.0 126.9 181.6   0.0 129.4 108.5
 0 0.621     0.142      39.0      63.7      9.69      5.04611  25779.  -6.9227   0.0000  5.12         0.317   581.898     10.36 100.0   0.0   0.0   0.123  18.2      50.3 180.0 126.7 181.7   0.0 129.3 108.5
 0 0.631     0.144      39.2      64.4      9.63      5.04344  25762.  -7.0288   0.0000  5.12         0.316   580.605     10.37 100.0   0.0   0.0   0.123  18.3      50.2 180.0 126.4 181.9   0.0 129.2 108.4
 0 0.640     0.146      39.4      65.1      9.58      5.04071  25744.  -7.1353   0.0000  5.12         0.316   579.284     10.37 100.0   0.0   0.0   0.124  18.4      50.1 180.0 126.1 182.0   0.0 129.1 108.4
 0 0.650     0.149      39.6      65.8      9.53      5.03791  25726.  -7.2424   0.0000  5.12         0.315   577.933     10.38 100.0   0.0   0.0   0.124  18.5      50.0 180.0 125.8 182.1   0.0 129.0 108.3
 0 0.660     0.151      39.8      66.6      9.48      5.03502  25708.  -7.3499   0.0000  5.12         0.314   576.551     10.38 100.0   0.0   0.0   0.124  18.6      50.0 180.0 125.5 182.3   0.0 128.9 108.3
 0 0.670     0.153      40.1      67.4      9.43      5.03207  25689.  -7.4580   0.0000  5.12         0.313   575.141     10.39 100.0   0.0   0.0   0.124  18.7      49.9 180.0 125.2 182.4   0.0 128.8 108.3
 0 0.680     0.156      40.3      68.2      9.38      5.02904  25670.  -7.5666   0.0000  5.12         0.312   573.699     10.39 100.0   0.0   0.0   0.125  18.8      49.8 180.0 124.9 182.5   0.0 128.7 108.2
 0 0.690     0.158      40.5      69.0      9.33      5.02593  25650.  -7.6758   0.0000  5.12         0.312   572.228     10.40 100.0   0.0   0.0   0.125  18.9      49.7 180.0 124.6 182.7   0.0 128.6 108.2
 0 0.700     0.160      40.8      69.8      9.28      5.02274  25630.  -7.7855   0.0000  5.12         0.311   570.726     10.40 100.0   0.0   0.0   0.125  19.0      49.6 180.0 124.4 182.8   0.0 128.4 108.1
 0 0.710     0.163      41.0      70.7      9.23      5.01948  25609.  -7.8958   0.0000  5.12         0.310   569.192     10.41 100.0   0.0   0.0   0.126  19.1      49.6 180.0 124.1 182.9   0.0 128.3 108.1
 0 0.721     0.165      41.3      71.5      9.18      5.01613  25588.  -8.0067   0.0000  5.12         0.309   567.627     10.41 100.0   0.0   0.0   0.126  19.2      49.5 180.0 123.8 183.1   0.0 128.2 108.0
 0 0.731     0.168      41.5      72.4      9.13      5.01270  25566.  -8.1183   0.0000  5.11         0.308   566.030     10.42 100.0   0.0   0.0   0.126  19.3      49.4 180.0 123.5 183.2   0.0 128.1 108.0
 0 0.741     0.170      41.8      73.4      9.08      5.00919  25543.  -8.2304   0.0000  5.11         0.307   564.401     10.42 100.0   0.0   0.0   0.127  19.4      49.4 180.0 123.2 183.3   0.0 127.9 107.9
 0 0.752     0.173      42.0      74.3      9.02      5.00559  25520.  -8.3432   0.0000  5.11         0.307   562.740     10.43 100.0   0.0   0.0   0.127  19.5      49.3 180.0 122.9 183.5   0.0 127.8 107.8
 0 0.763     0.175      42.3      75.3      8.97      5.00191  25497.  -8.4567   0.0000  5.11         0.306   561.046     10.43 100.0   0.0   0.0   0.128  19.7      49.2 180.0 122.7 183.6   0.0 127.7 107.8
 0 0.773     0.178      42.6      76.3      8.92      4.99814  25473.  -8.5708   0.0000  5.11         0.305   559.319     10.44 100.0   0.0   0.0   0.128  19.8      49.2 180.0 122.4 183.7   0.0 127.5 107.7
 0 0.784     0.180      42.8      77.4      8.87      4.99428  25448.  -8.6857   0.0000  5.11         0.304   557.558     10.45 100.0   0.0   0.0   0.128  19.9      49.1 180.0 122.1 183.8   0.0 127.4 107.7
 0 0.795     0.183      43.1      78.4      8.82      4.99033  25423.  -8.8012   0.0000  5.11         0.303   555.763     10.45 100.0   0.0   0.0   0.129  20.0      49.0 180.0 121.8 184.0   0.0 127.3 107.6
 0 0.806     0.185      43.4      79.5      8.77      4.98629  25397.  -8.9175   0.0000  5.11         0.302   553.934     10.46 100.0   0.0   0.0   0.129  20.1      49.0 180.0 121.5 184.1   0.0 127.1 107.6
 0 0.817     0.188      43.7      80.6      8.71      4.98215  25371.  -9.0345   0.0000  5.11         0.301   552.069     10.46 100.0   0.0   0.0   0.130  20.2      48.9 180.0 121.3 184.2   0.0 127.0 107.5
 0 0.828     0.190      44.0      81.8      8.66      4.97791  25344.  -9.1523   0.0000  5.11         0.300   550.170     10.47 100.0   0.0   0.0   0.130  20.4      48.8 180.0 121.0 184.3   0.0 126.8 107.4
 0 0.839     0.193      44.3      83.0      8.61      4.97358  25316.  -9.2708   0.0000  5.11         0.299   548.236     10.48 100.0   0.0   0.0   0.130  20.5      48.8 180.0 120.7 184.5   0.0 126.7 107.4
 0 0.850     0.196      44.6      84.2      8.56      4.96915  25288.  -9.3902   0.0000  5.11         0.298   546.265     10.49 100.0   0.0   0.0   0.131  20.6      48.7 180.0 120.4 184.6   0.0 126.5 107.3
 0 0.862     0.198      44.9      85.5      8.50      4.96462  25259.  -9.5104   0.0000  5.10         0.296   544.259     10.49 100.0   0.0   0.0   0.131  20.7      48.7 180.0 120.1 184.7   0.0 126.4 107.2
 0 0.873     0.201      45.3      86.8      8.45      4.95998  25230.  -9.6315   0.0000  5.10         0.295   542.216     10.50 100.0   0.0   0.0   0.132  20.9      48.6 180.0 119.9 184.8   0.0 126.2 107.2
 0 0.885     0.204      45.6      88.1      8.40      4.95524  25200.  -9.7534   0.0000  5.10         0.294   540.135     10.51 100.0   0.0   0.0   0.132  21.0      48.6 180.0 119.6 184.9   0.0 126.0 107.1
 0 0.896     0.206      45.9      89.5      8.35      4.95040  25169.  -9.8762   0.0000  5.10         0.293   538.016     10.52 100.0   0.0   0.0   0.133  21.1      48.5 180.0 119.3 185.0   0.0 125.9 107.0
 0 0.908     0.209      46.3      90.9      8.29      4.94544  25137. -10.0000   0.0000  5.10         0.292   535.860     10.52 100.0   0.0   0.0   0.133  21.3      48.5 180.0 119.0 185.2   0.0 125.7 107.0
 0 0.920     0.212      46.6      92.3      8.24      4.94037  25105. -10.1246   0.0000  5.10         0.291   533.665     10.53 100.0   0.0   0.0   0.134  21.4      48.4 180.0 118.8 185.3   0.0 125.5 106.9
 0 0.932     0.214      47.0      93.8      8.19      4.93519  25072. -10.2503   0.0000  5.10         0.289   531.432     10.54 100.0   0.0   0.0   0.134  21.5      48.4 180.0 118.5 185.4   0.0 125.4 106.8
 0 0.944     0.217      47.3      95.4      8.13      4.92990  25038. -10.3769   0.0000  5.10         0.288   529.158     10.55 100.0   0.0   0.0   0.135  21.7      48.3 180.0 118.2 185.5   0.0 125.2 106.8
 0 0.956     0.220      47.7      97.0      8.08      4.92448  25004. -10.5046   0.0000  5.09         0.287   526.845     10.56 100.0   0.0   0.0   0.135  21.8      48.3 180.0 117.9 185.6   0.0 125.0 106.7
 0 0.969     0.223      48.1      98.6      8.03      4.91895  24968. -10.6333   0.0000  5.09         0.286   524.490     10.57 100.0   0.0   0.0   0.136  22.0      48.2 180.0 117.7 185.7   0.0 124.8 106.6
 0 0.981     0.226      48.5      100.      7.97      4.91328  24932. -10.7632   0.0000  5.09         0.284   522.095     10.58 100.0   0.0   0.0   0.137  22.1      48.2 180.0 117.4 185.8   0.0 124.7 106.5
 0 0.994     0.228      48.9      102.      7.92      4.90750  24895. -10.8941   0.0000  5.09         0.283   519.658     10.59 100.0   0.0   0.0   0.137  22.3      48.2 180.0 117.1 185.9   0.0 124.5 106.4
 0  1.01     0.231      49.3      104.      7.87      4.90158  24858. -11.0261   0.0000  5.09         0.282   517.179     10.60 100.0   0.0   0.0   0.138  22.4      48.1 180.0 116.8 186.0   0.0 124.3 106.4
 0  1.02     0.234      49.7      106.      7.81      4.89554  24819. -11.1594   0.0000  5.09         0.280   514.657     10.61 100.0   0.0   0.0   0.139  22.6      48.1 180.0 116.6 186.1   0.0 124.1 106.3
 0  1.03     0.237      50.1      108.      7.76      4.88936  24780. -11.2938   0.0000  5.08         0.279   512.091     10.62 100.0   0.0   0.0   0.139  22.7      48.1 180.0 116.3 186.2   0.0 123.9 106.2
 0  1.05     0.240      50.5      110.      7.70      4.88304  24740. -11.4295   0.0000  5.08         0.277   509.482     10.63 100.0   0.0   0.0   0.140  22.9      48.0 180.0 116.0 186.3   0.0 123.7 106.1
 0  1.06     0.243      51.0      112.      7.65      4.87658  24698. -11.5665   0.0000  5.08         0.276   506.828     10.64 100.0   0.0   0.0   0.141  23.1      48.0 180.0 115.8 186.4   0.0 123.5 106.0
 0  1.07     0.246      51.4      114.      7.59      4.86998  24656. -11.7048   0.0000  5.08         0.275   504.129     10.65 100.0   0.0   0.0   0.141  23.2      48.0 180.0 115.5 186.5   0.0 123.3 105.9
 0  1.09     0.249      51.9      116.      7.54      4.86322  24613. -11.8444   0.0000  5.08         0.273   501.383     10.66 100.0   0.0   0.0   0.142  23.4      48.0 180.0 115.2 186.5   0.0 123.1 105.8
 0  1.10     0.252      52.3      118.      7.48      4.85632  24569. -11.9854   0.0000  5.08         0.272   498.591     10.67 100.0   0.0   0.0   0.143  23.6      47.9 180.0 114.9 186.6   0.0 122.9 105.8
 0  1.11     0.255      52.8      121.      7.43      4.84926  24524. -12.1279   0.0000  5.07         0.270   495.752     10.68 100.0   0.0   0.0   0.144  23.7      47.9 180.0 114.7 186.7   0.0 122.7 105.7
 0  1.13     0.259      53.3      123.      7.37      4.84204  24478. -12.2719  -0.0000  5.07         0.268   492.864     10.70 100.0   0.0   0.0   0.144  23.9      47.9 180.0 114.4 186.8   0.0 122.5 105.6
 0  1.14     0.262      53.8      126.      7.32      4.83466  24431. -12.4173  -0.0000  5.07         0.267   489.927     10.71 100.0   0.0   0.0   0.145  24.1      47.9 180.0 114.1 186.9   0.0 122.3 105.5
 0  1.16     0.265      54.4      128.      7.26      4.82711  24383. -12.5644  -0.0000  5.07         0.265   486.940     10.72 100.0   0.0   0.0   0.146  24.3      47.9 180.0 113.8 186.9   0.0 122.0 105.4
 0  1.17     0.268      54.9      131.      7.21      4.81939  24334. -12.7131  -0.0000  5.06         0.264   483.904     10.74 100.0   0.0   0.0   0.147  24.5      47.9 180.0 113.6 187.0   0.0 121.8 105.3
 0  1.19     0.271      55.4      134.      7.15      4.81149  24284. -12.8635  -0.0000  5.06         0.262   480.815     10.75 100.0   0.0   0.0   0.148  24.7      47.9 180.0 113.3 187.1   0.0 121.6 105.2
 0  1.20     0.275      56.0      136.      7.09      4.80341  24232. -13.0155  -0.0000  5.06         0.260   477.675     10.76 100.0   0.0   0.0   0.149  24.9      47.8 180.0 113.0 187.1   0.0 121.4 105.1
 0  1.22     0.278      56.6      140.      7.04      4.79514  24180. -13.1694  -0.0000  5.06         0.258   474.481     10.78 100.0   0.0   0.0   0.150  25.1      47.8 180.0 112.8 187.2   0.0 121.1 105.0
 0  1.23     0.281      57.2      143.      6.98      4.78668  24126. -13.3251  -0.0000  5.06         0.257   471.233     10.79 100.0   0.0   0.0   0.151  25.3      47.8 180.0 112.5 187.3   0.0 120.9 104.9
 0  1.25     0.285      57.8      146.      6.92      4.77803  24071. -13.4828  -0.0000  5.05         0.255   467.931     10.81 100.0   0.0   0.0   0.152  25.5      47.8 180.0 112.2 187.3   0.0 120.6 104.8
 0  1.26     0.288      58.4      149.      6.86      4.76917  24014. -13.6423  -0.0000  5.05         0.253   464.573     10.83 100.0   0.0   0.0   0.153  25.7      47.8 180.0 111.9 187.4   0.0 120.4 104.7
 0  1.28     0.291      59.0      153.      6.81      4.76010  23956. -13.8039  -0.0000  5.05         0.251   461.157     10.84 100.0   0.0   0.0   0.154  25.9      47.8 180.0 111.7 187.4   0.0 120.2 104.5
 0  1.30     0.295      59.7      156.      6.75      4.75081  23897. -13.9677  -0.0000  5.04         0.249   457.684     10.86 100.0   0.0   0.0   0.155  26.1      47.8 180.0 111.4 187.5   0.0 119.9 104.4
 0  1.31     0.299      60.4      160.      6.69      4.74131  23837. -14.1336  -0.0000  5.04         0.247   454.152     10.88 100.0   0.0   0.0   0.156  26.4      47.8 180.0 111.1 187.5   0.0 119.7 104.3
 0  1.33     0.302      61.1      164.      6.63      4.73157  23775. -14.3018  -0.0000  5.04         0.245   450.559     10.89 100.0   0.0   0.0   0.157  26.6      47.9 180.0 110.8 187.5   0.0 119.4 104.2
 0  1.35     0.306      61.8      168.      6.57      4.72160  23711. -14.4724  -0.0000  5.04         0.243   446.905     10.91 100.0   0.0   0.0   0.159  26.8      47.9 180.0 110.6 187.6   0.0 119.1 104.1
 0  1.37     0.309      62.6      173.      6.51      4.71138  23646. -14.6453  -0.0000  5.03         0.241   443.189     10.93 100.0   0.0   0.0   0.160  27.1      47.9 180.0 110.3 187.6   0.0 118.9 104.0
 0  1.38     0.313      63.3      177.      6.45      4.70091  23579. -14.8208  -0.0000  5.03         0.239   439.408     10.95 100.0   0.0   0.0   0.161  27.3      47.9 180.0 110.0 187.7   0.0 118.6 103.8
 0  1.40     0.317      64.1      182.      6.39      4.69018  23511. -14.9989  -0.0000  5.03         0.237   435.563     10.97 100.0   0.0   0.0   0.163  27.6      47.9 180.0 109.7 187.7   0.0 118.3 103.7
 0  1.42     0.321      64.9      187.      6.33      4.67918  23441. -15.1798  -0.0000  5.02         0.235   431.651     10.99 100.0   0.0   0.0   0.164  27.8      48.0 180.0 109.5 187.7   0.0 118.0 103.6
 0  1.44     0.324      65.8      192.      6.27      4.66790  23369. -15.3634  -0.0000  5.02         0.233   427.671     11.01 100.0   0.0   0.0   0.165  28.1      48.0 180.0 109.2 187.7   0.0 117.8 103.5
 0  1.46     0.328      66.7      197.      6.21      4.65633  23295. -15.5500  -0.0000  5.02         0.231   423.621     11.04 100.0   0.0   0.0   0.167  28.4      48.0 180.0 108.9 187.7   0.0 117.5 103.3
 0  1.48     0.332      54.0      162.      6.15      4.64518  23224. -15.7282  -0.0000  5.01         0.229   419.750     11.06 100.0   0.0   0.0   0.168  28.7      48.0 180.0 108.7 187.8   0.0 117.2 103.2
 0  1.49     0.335      54.6      166.      6.10      4.63547  23162. -15.8820  -0.0000  5.01         0.227   416.404     11.08 100.0   0.0   0.0   0.170  28.9      48.1 180.0 108.4 187.8   0.0 117.0 103.1
 0  1.51     0.339      55.2      170.      6.05      4.62556  23099. -16.0379  -0.0000  5.01         0.225   413.011     11.10 100.0   0.0   0.0   0.171  29.1      48.1 180.0 108.2 187.8   0.0 116.7 103.0
 0  1.52     0.342      55.9      174.      6.00      4.61543  23035. -16.1961  -0.0000  5.00         0.223   409.569     11.12 100.0   0.0   0.0   0.172  29.4      48.1 180.0 108.0 187.8   0.0 116.5 102.9
 0  1.54     0.345      56.5      178.      5.95      4.60509  22969. -16.3564  -0.0000  5.00         0.221   406.078     11.14 100.0   0.0   0.0   0.174  29.6      48.2 180.0 107.8 187.8   0.0 116.3 102.8
 0  1.56     0.348      57.2      183.      5.90      4.59452  22901. -16.5191  -0.0000  5.00         0.219   402.537     11.16 100.0   0.0   0.0   0.175  29.9      48.2 180.0 107.5 187.8   0.0 116.0 102.7
 0  1.57     0.352      57.9      187.      5.85      4.58372  22833. -16.6843  -0.0000  5.00         0.217   398.945     11.18 100.0   0.0   0.0   0.177  30.1      48.2 180.0 107.3 187.8   0.0 115.8 102.5
 0  1.59     0.355      58.6      192.      5.80      4.57267  22762. -16.8519  -0.0000  4.99         0.215   395.301     11.20 100.0   0.0   0.0   0.178  30.4      48.3 180.0 107.1 187.8   0.0 115.5 102.4
 0  1.61     0.359      59.3      197.      5.75      4.56138  22690. -17.0221  -0.0000  4.99         0.213   391.603     11.22 100.0   0.0   0.0   0.180  30.7      48.3 180.0 106.9 187.8   0.0 115.3 102.3
 0  1.63     0.362      60.1      202.      5.70      4.54982  22617. -17.1950  -0.0000  4.99         0.211   387.850     11.25 100.0   0.0   0.0   0.181  31.0      48.4 180.0 106.6 187.7   0.0 115.0 102.2
 0  1.65     0.366      60.9      208.      5.65      4.53800  22541. -17.3707  -0.0000  4.98         0.209   384.042     11.27 100.0   0.0   0.0   0.183  31.2      48.4 180.0 106.4 187.7   0.0 114.7 102.1
 0  1.66     0.369      61.7      214.      5.59      4.52590  22464. -17.5493  -0.0000  4.98         0.207   380.176     11.30 100.0   0.0   0.0   0.185  31.5      48.5 180.0 106.2 187.7   0.0 114.5 102.0
 0  1.68     0.373      62.5      220.      5.54      4.51351  22385. -17.7309  -0.0000  4.97         0.205   376.252     11.32 100.0   0.0   0.0   0.187  31.8      48.5 180.0 105.9 187.7   0.0 114.2 101.8
 0  1.70     0.377      63.4      226.      5.49      4.50083  22304. -17.9156  -0.0000  4.97         0.203   372.268     11.35 100.0   0.0   0.0   0.189  32.1      48.6 180.0 105.7 187.7   0.0 113.9 101.7
 0  1.72     0.380      51.4      186.      5.43      4.48809  22223. -18.0998  -0.0000  4.97         0.201   368.304     11.38 100.0   0.0   0.0   0.190  32.5      48.7 180.0 105.5 187.6   0.0 113.7 101.6
 0  1.74     0.384      52.0      190.      5.39      4.47746  22156. -18.2526  -0.0000  4.96         0.199   365.023     11.40 100.0   0.0   0.0   0.192  32.7      48.7 180.0 105.3 187.6   0.0 113.4 101.5
 0  1.75     0.387      52.6      195.      5.35      4.46662  22087. -18.4077  -0.0000  4.96         0.197   361.701     11.42 100.0   0.0   0.0   0.194  33.0      48.8 180.0 105.1 187.6   0.0 113.2 101.4
 0  1.77     0.390      53.3      200.      5.30      4.45556  22016. -18.5650  -0.0000  4.96         0.195   358.338     11.45 100.0   0.0   0.0   0.195  33.3      48.8 180.0 104.9 187.6   0.0 113.0 101.3
 0  1.79     0.393      53.9      205.      5.26      4.44427  21944. -18.7248  -0.0000  4.95         0.193   354.932     11.47 100.0   0.0   0.0   0.197  33.5      48.9 180.0 104.7 187.5   0.0 112.7 101.1
 0  1.80     0.396      54.6      210.      5.21      4.43275  21871. -18.8871  -0.0000  4.95         0.191   351.483     11.50 100.0   0.0   0.0   0.199  33.8      48.9 180.0 104.6 187.5   0.0 112.5 101.0
 0  1.82     0.399      55.3      215.      5.17      4.42098  21796. -19.0520  -0.0000  4.95         0.190   347.988     11.52 100.0   0.0   0.0   0.201  34.1      49.0 180.0 104.4 187.5   0.0 112.3 100.9
 0  1.84     0.403      56.0      221.      5.12      4.40895  21719. -19.2195  -0.0000  4.94         0.188   344.448     11.55 100.0   0.0   0.0   0.203  34.4      49.1 180.0 104.2 187.4   0.0 112.0 100.8
 0  1.86     0.406      56.7      227.      5.08      4.39667  21641. -19.3899  -0.0000  4.94         0.186   340.862     11.58 100.0   0.0   0.0   0.205  34.7      49.1 180.0 104.0 187.4   0.0 111.8 100.7
 0  1.88     0.409      57.5      233.      5.03      4.38411  21561. -19.5631  -0.0000  4.94         0.184   337.227     11.61 100.0   0.0   0.0   0.207  35.1      49.2 180.0 103.8 187.4   0.0 111.6 100.6
 0  1.89     0.413      58.3      240.      4.98      4.37126  21479. -19.7394  -0.0000  4.93         0.182   333.543     11.64 100.0   0.0   0.0   0.209  35.4      49.3 180.0 103.6 187.3   0.0 111.3 100.5
 0  1.91     0.416      59.1      247.      4.94      4.35813  21395. -19.9188  -0.0000  4.93         0.180   329.810     11.67 100.0   0.0   0.0   0.211  35.7      49.4 180.0 103.4 187.3   0.0 111.1 100.3
 0  1.93     0.420      59.9      254.      4.89      4.34469  21310. -20.1014  -0.0000  4.93         0.178   326.026     11.70 100.0   0.0   0.0   0.213  36.1      49.4 180.0 103.2 187.2   0.0 110.8 100.2
 0  1.95     0.423      60.8      261.      4.84      4.33094  21222. -20.2874  -0.0000  4.92         0.175   322.190     11.73 100.0   0.0   0.0   0.216  36.4      49.5 180.0 103.0 187.2   0.0 110.5 100.1
 0  1.97     0.426      49.2      214.      4.80      4.31970  21150. -20.4388  -0.0000  4.92         0.174   319.082     11.76 100.0   0.0   0.0   0.218  36.7      49.6 180.0 102.9 187.1   0.0 110.3 100.0
 0  1.98     0.429      49.8      219.      4.77      4.30824  21077. -20.5925  -0.0000  4.92         0.172   315.938     11.78 100.0   0.0   0.0   0.220  37.0      49.6 180.0 102.7 187.1   0.0 110.1  99.9
 0  2.00     0.432      50.4      225.      4.73      4.29655  21003. -20.7486  -0.0000  4.91         0.170   312.759     11.81 100.0   0.0   0.0   0.222  37.3      49.7 180.0 102.6 187.0   0.0 109.9  99.8
 0  2.02     0.435      51.1      230.      4.69      4.28463  20927. -20.9073  -0.0000  4.91         0.169   309.544     11.84 100.0   0.0   0.0   0.224  37.6      49.8 180.0 102.4 187.0   0.0 109.7  99.7
 0  2.03     0.438      51.7      236.      4.65      4.27247  20850. -21.0685  -0.0000  4.91         0.167   306.290     11.87 100.0   0.0   0.0   0.226  37.9      49.9 180.0 102.3 186.9   0.0 109.5  99.6
 0  2.05     0.441      52.4      243.      4.61      4.26006  20770. -21.2324  -0.0000  4.90         0.165   302.998     11.90 100.0   0.0   0.0   0.228  38.3      49.9 180.0 102.1 186.9   0.0 109.3  99.5
 0  2.07     0.444      53.1      249.      4.57      4.24738  20690. -21.3992  -0.0000  4.90         0.163   299.667     11.93 100.0   0.0   0.0   0.230  38.6      50.0 180.0 101.9 186.8   0.0 109.1  99.4
 0  2.09     0.447      53.8      256.      4.53      4.23444  20607. -21.5689  -0.0000  4.90         0.161   296.295     11.97 100.0   0.0   0.0   0.233  39.0      50.1 180.0 101.8 186.8   0.0 108.8  99.3
 0  2.11     0.450      54.6      263.      4.49      4.22122  20523. -21.7416  -0.0000  4.89         0.160   292.883     12.00 100.0   0.0   0.0   0.235  39.3      50.2 180.0 101.6 186.7   0.0 108.6  99.2
 0  2.13     0.454      55.4      271.      4.44      4.20770  20437. -21.9175  -0.0000  4.89         0.158   289.427     12.03 100.0   0.0   0.0   0.238  39.7      50.3 180.0 101.5 186.7   0.0 108.4  99.1
 0  2.14     0.457      56.2      278.      4.40      4.19388  20349. -22.0966  -0.0000  4.89         0.156   285.929     12.07 100.0   0.0   0.0   0.240  40.1      50.4 180.0 101.3 186.6   0.0 108.1  99.0
 0  2.16     0.460      57.0      287.      4.36      4.17975  20259. -22.2791  -0.0000  4.88         0.154   282.385     12.11 100.0   0.0   0.0   0.243  40.4      50.5 180.0 101.1 186.6   0.0 107.9  98.8
 0  2.18     0.463      46.3      236.      4.32      4.16645  20174. -22.4502  -0.0000  4.88         0.152   279.085     12.14 100.0   0.0   0.0   0.246  40.8      50.5 180.0 101.0 186.5   0.0 107.7  98.7
 0  2.20     0.466      46.8      241.      4.29      4.15466  20099. -22.6015  -0.0000  4.87         0.150   276.183     12.17 100.0   0.0   0.0   0.248  41.1      50.6 180.0 100.8 186.5   0.0 107.5  98.7
 0  2.21     0.469      47.4      247.      4.25      4.14263  20022. -22.7553  -0.0000  4.87         0.149   273.251     12.20 100.0   0.0   0.0   0.250  41.5      50.7 180.0 100.7 186.4   0.0 107.3  98.6
 0  2.23     0.472      48.0      254.      4.22      4.13038  19944. -22.9116  -0.0000  4.87         0.147   270.287     12.24 100.0   0.0   0.0   0.253  41.8      50.8 180.0 100.6 186.3   0.0 107.1  98.5
 0  2.25     0.475      48.7      260.      4.18      4.11788  19865. -23.0705  -0.0000  4.86         0.146   267.292     12.27 100.0   0.0   0.0   0.255  42.2      50.9 180.0 100.4 186.3   0.0 106.9  98.4
 0  2.27     0.477      49.3      267.      4.15      4.10513  19783. -23.2322  -0.0000  4.86         0.144   264.263     12.31 100.0   0.0   0.0   0.258  42.5      51.0 180.0 100.3 186.2   0.0 106.7  98.3
 0  2.28     0.480      50.0      274.      4.11      4.09211  19700. -23.3967  -0.0000  4.86         0.142   261.201     12.34 100.0   0.0   0.0   0.261  42.9      51.1 180.0 100.2 186.2   0.0 106.5  98.2
 0  2.30     0.483      50.7      282.      4.07      4.07883  19616. -23.5642  -0.0000  4.85         0.141   258.105     12.38 100.0   0.0   0.0   0.264  43.3      51.1 180.0 100.0 186.1   0.0 106.3  98.1
 0  2.32     0.486      51.4      290.      4.04      4.06527  19529. -23.7347  -0.0000  4.85         0.139   254.974     12.42 100.0   0.0   0.0   0.266  43.7      51.2 180.0  99.9 186.1   0.0 106.1  98.0
 0  2.34     0.489      52.2      298.      4.00      4.05141  19441. -23.9085  -0.0000  4.85         0.137   251.806     12.46 100.0   0.0   0.0   0.269  44.1      51.3 180.0  99.8 186.0   0.0 105.9  97.9
 0  2.36     0.492      53.0      306.      3.96      4.03724  19351. -24.0856  -0.0000  4.84         0.135   248.601     12.50 100.0   0.0   0.0   0.272  44.5      51.4 180.0  99.6 185.9 360.0 105.7  97.8
 0  2.38     0.496      53.8      316.      3.92      4.02276  19259. -24.2661  -0.0000  4.84         0.134   245.358     12.54 100.0   0.0   0.0   0.276  44.9      51.5 180.0  99.5 185.9 360.0 105.5  97.7
 0  2.39     0.499      43.7      260.      3.89      4.00884  19170. -24.4391  -0.0000  4.84         0.132   242.274     12.58 100.0   0.0   0.0   0.279  45.4      51.6 180.0  99.4 185.8 360.0 105.3  97.6
 0  2.41     0.501      44.2      266.      3.86      3.99676  19093. -24.5889  -0.0000  4.83         0.131   239.621     12.62 100.0   0.0   0.0   0.281  45.7      51.7 180.0  99.3 185.7 360.0 105.1  97.5
 0  2.43     0.504      44.8      273.      3.83      3.98445  19015. -24.7412  -0.0000  4.83         0.129   236.942     12.66 100.0   0.0   0.0   0.284  46.1      51.8 180.0  99.1 185.7 360.0 105.0  97.4
 0  2.44     0.506      45.4      280.      3.79      3.97190  18935. -24.8961  -0.0000  4.83         0.128   234.236     12.69 100.0   0.0   0.0   0.287  46.5      51.9 180.0  99.0 185.6 360.0 104.8  97.3
 0  2.46     0.509      46.0      287.      3.76      3.95910  18853. -25.0538  -0.0000  4.82         0.126   231.502     12.73 100.0   0.0   0.0   0.290  46.9      52.0 180.0  98.9 185.6 360.0 104.6  97.2
 0  2.48     0.512      46.7      295.      3.73      3.94605  18770. -25.2142  -0.0000  4.82         0.125   228.741     12.77 100.0   0.0   0.0   0.293  47.3      52.1 180.0  98.8 185.5 360.0 104.4  97.2
 0  2.49     0.515      47.3      303.      3.70      3.93273  18685. -25.3775  -0.0000  4.82         0.123   225.950     12.81 100.0   0.0   0.0   0.296  47.7      52.2 180.0  98.7 185.4 360.0 104.2  97.1
 0  2.51     0.517      48.0      311.      3.67      3.91914  18598. -25.5438  -0.0000  4.81         0.122   223.130     12.86 100.0   0.0   0.0   0.299  48.1      52.3 180.0  98.6 185.4 360.0 104.1  97.0
 0  2.53     0.520      48.7      320.      3.63      3.90527  18510. -25.7132  -0.0000  4.81         0.120   220.280     12.90 100.0   0.0   0.0   0.303  48.6      52.4 180.0  98.5 185.3 360.0 103.9  96.9
 0  2.55     0.523      49.5      329.      3.60      3.89109  18420. -25.8859  -0.0000  4.81         0.118   217.398     12.95 100.0   0.0   0.0   0.306  49.0      52.5 180.0  98.3 185.3 360.0 103.7  96.8
 0  2.57     0.526      50.2      338.      3.56      3.87661  18327. -26.0620  -0.0000  4.80         0.117   214.485     12.99 100.0   0.0   0.0   0.310  49.5      52.6 180.0  98.2 185.2 360.0 103.5  96.7
 0  2.59     0.529      51.0      349.      3.53      3.86180  18233. -26.2416  -0.0000  4.80         0.115   211.538     13.04 100.0   0.0   0.0   0.313  49.9      52.7 180.0  98.1 185.1 360.0 103.3  96.6
 0  2.60     0.532      41.4      286.      3.50      3.84879  18150. -26.3991  -0.0000  4.80         0.114   208.977     13.09 100.0   0.0   0.0   0.317  50.4      52.8 180.0  98.0 185.1 360.0 103.2  96.5
 0  2.62     0.534      41.9      293.      3.47      3.83647  18072. -26.5480  -0.0000  4.79         0.113   206.572     13.13 100.0   0.0   0.0   0.320  50.8      52.9 180.0  97.9 185.0 360.0 103.0  96.5
 0  2.63     0.537      42.5      301.      3.44      3.82391  17992. -26.6996  -0.0000  4.79         0.111   204.145     13.17 100.0   0.0   0.0   0.323  51.2      53.0 180.0  97.8 184.9 360.0 102.8  96.4
 0  2.65     0.539      43.1      309.      3.42      3.81111  17910. -26.8538  -0.0000  4.79         0.110   201.694     13.21 100.0   0.0   0.0   0.326  51.6      53.1 180.0  97.7 184.9 360.0 102.7  96.3
 0  2.67     0.542      43.7      317.      3.39      3.79805  17827. -27.0107  -0.0000  4.79         0.109   199.219     13.26 100.0   0.0   0.0   0.330  52.1      53.2 180.0  97.6 184.8 360.0 102.5  96.2
 0  2.68     0.544      44.4      325.      3.36      3.78474  17742. -27.1705  -0.0000  4.78         0.107   196.720     13.31 100.0   0.0   0.0   0.333  52.5      53.3 180.0  97.5 184.8 360.0 102.4  96.2
 0  2.70     0.547      45.0      334.      3.33      3.77117  17656. -27.3332  -0.0000  4.78         0.106   194.197     13.35 100.0   0.0   0.0   0.337  53.0      53.4 180.0  97.4 184.7 360.0 102.2  96.1
 0  2.72     0.550      45.7      343.      3.30      3.75730  17567. -27.4990  -0.0000  4.78         0.104   191.647     13.40 100.0   0.0   0.0   0.341  53.5      53.5 180.0  97.3 184.6 360.0 102.1  96.0
 0  2.74     0.552      46.4      353.      3.27      3.74315  17477. -27.6680  -0.0000  4.77         0.103   189.072     13.45 100.0   0.0   0.0   0.344  53.9      53.6 180.0  97.2 184.6 360.0 101.9  95.9
 0  2.76     0.555      47.1      363.      3.24      3.72870  17385. -27.8403  -0.0000  4.77         0.102   186.469     13.51 100.0   0.0   0.0   0.348  54.5      53.7 180.0  97.1 184.5 360.0 101.7  95.8
 0  2.77     0.558      47.9      374.      3.21      3.71393  17291. -28.0161  -0.0000  4.77         0.100   183.839     13.56 100.0   0.0   0.0   0.352  55.0      53.8 180.0  97.0 184.5 360.0 101.6  95.7
 0  2.79     0.560      38.9      307.      3.18      3.70127  17210. -28.1666  -0.0000  4.76         0.099   181.609     13.61 100.0   0.0   0.0   0.356  55.4      53.9 180.0  97.0 184.4 360.0 101.4  95.7
 0  2.81     0.563      39.4      314.      3.16      3.68899  17132. -28.3123  -0.0000  4.76         0.098   179.465     13.65 100.0   0.0   0.0   0.359  55.9      54.0 180.0  96.9 184.3 360.0 101.3  95.6
 0  2.82     0.565      40.0      322.      3.13      3.67648  17052. -28.4606  -0.0000  4.76         0.097   177.302     13.70 100.0   0.0   0.0   0.363  56.3      54.1 180.0  96.8 184.3 360.0 101.1  95.5
 0  2.84     0.567      40.5      331.      3.11      3.66374  16971. -28.6114  -0.0000  4.75         0.095   175.120     13.75 100.0   0.0   0.0   0.367  56.8      54.2 180.0  96.7 184.2 360.0 101.0  95.5
 0  2.85     0.570      41.1      339.      3.08      3.65075  16888. -28.7650  -0.0000  4.75         0.094   172.918     13.80 100.0   0.0   0.0   0.370  57.3      54.3 180.0  96.6 184.2 360.0 100.9  95.4
 0  2.87     0.572      41.7      348.      3.05      3.63751  16804. -28.9213  -0.0000  4.75         0.093   170.695     13.85 100.0   0.0   0.0   0.374  57.8      54.4 180.0  96.6 184.1 360.0 100.7  95.3
 0  2.89     0.575      42.3      358.      3.03      3.62401  16718. -29.0805  -0.0000  4.74         0.092   168.452     13.91 100.0   0.0   0.0   0.378  58.3      54.5 180.0  96.5 184.1 360.0 100.6  95.3
 0  2.90     0.577      43.0      368.      3.00      3.61024  16630. -29.2427  -0.0000  4.74         0.091   166.188     13.96 100.0   0.0   0.0   0.382  58.8      54.6 180.0  96.4 184.0 360.0 100.4  95.2
 0  2.92     0.580      43.7      378.      2.97      3.59618  16541. -29.4081  -0.0000  4.74         0.089   163.901     14.02 100.0   0.0   0.0   0.387  59.3      54.7 180.0  96.3 183.9 360.0 100.3  95.1
 0  2.94     0.582      44.4      389.      2.95      3.58182  16449. -29.5767  -0.0000  4.74         0.088   161.592     14.08 100.0   0.0   0.0   0.391  59.9      54.8 180.0  96.2 183.9 360.0 100.1  95.0
 0  2.96     0.585      45.1      400.      2.92      3.56716  16356. -29.7487  -0.0000  4.73         0.087   159.260     14.14 100.0   0.0   0.0   0.396  60.4      55.0 180.0  96.1 183.8 360.0 100.0  95.0
 0  2.98     0.587      36.7      329.      2.89      3.55339  16268. -29.9101  -0.0000  4.73         0.086   157.093     14.20 100.0   0.0   0.0   0.400  61.0      55.1 180.0  96.1 183.8 360.0  99.9  94.9
 0  2.99     0.590      37.2      337.      2.87      3.54118  16190. -30.0529  -0.0000  4.73         0.085   155.192     14.25 100.0   0.0   0.0   0.404  61.5      55.2 180.0  96.0 183.7 360.0  99.7  94.8
 0  3.01     0.592      37.7      345.      2.85      3.52876  16111. -30.1982  -0.0000  4.72         0.083   153.276     14.31 100.0   0.0   0.0   0.408  62.0      55.3 180.0  95.9 183.7 360.0  99.6  94.8
 0  3.02     0.594      38.3      354.      2.82      3.51611  16031. -30.3461  -0.0000  4.72         0.082   151.343     14.36 100.0   0.0   0.0   0.412  62.5      55.4 180.0  95.9 183.6 360.0  99.5  94.7
 0  3.04     0.596      38.8      363.      2.80      3.50322  15948. -30.4965  -0.0000  4.72         0.081   149.394     14.42 100.0   0.0   0.0   0.416  63.0      55.5 180.0  95.8 183.6 360.0  99.4  94.7
 0  3.05     0.599      39.4      373.      2.78      3.49008  15865. -30.6497  -0.0000  4.72         0.080   147.428     14.48 100.0   0.0   0.0   0.420  63.5      55.6 180.0  95.7 183.5 360.0  99.2  94.6
 0  3.07     0.601      40.1      383.      2.75      3.47669  15779. -30.8057  -0.0000  4.71         0.079   145.444     14.54 100.0   0.0   0.0   0.424  64.1      55.7 180.0  95.6 183.4 360.0  99.1  94.5
 0  3.09     0.603      40.7      393.      2.73      3.46303  15692. -30.9646  -0.0000  4.71         0.078   143.443     14.60 100.0   0.0   0.0   0.429  64.6      55.8 180.0  95.6 183.4 360.0  99.0  94.5
 0  3.10     0.606      41.4      404.      2.70      3.44910  15604. -31.1267  -0.0000  4.71         0.077   141.424     14.66 100.0   0.0   0.0   0.433  65.2      55.9 180.0  95.5 183.3 360.0  98.9  94.4
 0  3.12     0.608      42.0      416.      2.68      3.43488  15513. -31.2919  -0.0000  4.70         0.076   139.386     14.73 100.0   0.0   0.0   0.438  65.8      56.0 180.0  95.4 183.3 360.0  98.7  94.4
 0  3.14     0.611      42.8      428.      2.65      3.42036  15421. -31.4604  -0.0000  4.70         0.075   137.328     14.80 100.0   0.0   0.0   0.443  66.4      56.1 180.0  95.4 183.2 360.0  98.6  94.3
 0  3.16     0.613      34.8      352.      2.63      3.40613  15330. -31.6254  -0.0000  4.70         0.074   135.335     14.87 100.0   0.0   0.0   0.448  67.1      56.2 180.0  95.3 183.2 360.0  98.5  94.2
 0  3.17     0.615      35.3      361.      2.61      3.39404  15253. -31.7654  -0.0000  4.70         0.073   133.659     14.93 100.0   0.0   0.0   0.452  67.6      56.3 180.0  95.2 183.1 360.0  98.4  94.2
 0  3.19     0.617      35.8      370.      2.59      3.38174  15175. -31.9078  -0.0000  4.69         0.072   131.971     14.99 100.0   0.0   0.0   0.456  68.1      56.4 180.0  95.2 183.1 360.0  98.3  94.1
 0  3.20     0.619      36.4      379.      2.57      3.36922  15095. -32.0527  -0.0000  4.69         0.071   130.269     15.05 100.0   0.0   0.0   0.461  68.7      56.5 180.0  95.1 183.0 360.0  98.2  94.1
 0  3.22     0.621      36.9      389.      2.55      3.35647  15014. -32.2002  -0.0000  4.69         0.070   128.553     15.11 100.0   0.0   0.0   0.465  69.3      56.6 180.0  95.1 183.0 360.0  98.0  94.0
 0  3.23     0.624      37.5      399.      2.52      3.34348  14931. -32.3503  -0.0000  4.68         0.069   126.824     15.18 100.0   0.0   0.0   0.470  69.8      56.7 180.0  95.0 182.9 360.0  97.9  94.0
 0  3.25     0.626      38.1      409.      2.50      3.33024  14846. -32.5031  -0.0000  4.68         0.068   125.079     15.25 100.0   0.0   0.0   0.474  70.5      56.8 180.0  94.9 182.9 360.0  97.8  93.9
 0  3.26     0.628      38.7      420.      2.48      3.31674  14760. -32.6589  -0.0000  4.68         0.067   123.320     15.32 100.0   0.0   0.0   0.479  71.1      56.9 180.0  94.9 182.8 360.0  97.7  93.9
 0  3.28     0.630      39.4      432.      2.46      3.30298  14673. -32.8176  -0.0000  4.68         0.066   121.546     15.39 100.0   0.0   0.0   0.484  71.7      57.0 180.0  94.8 182.8 360.0  97.6  93.8
 0  3.30     0.633      40.1      444.      2.44      3.28893  14583. -32.9794  -0.0000  4.67         0.065   119.757     15.47 100.0   0.0   0.0   0.489  72.4      57.1 180.0  94.8 182.7 360.0  97.5  93.7
 0  3.31     0.635      40.8      457.      2.41      3.27460  14492. -33.1445  -0.0000  4.67         0.064   117.952     15.55 100.0   0.0   0.0   0.495  73.1      57.3 180.0  94.7 182.7 360.0  97.4  93.7
 0  3.33     0.637      33.1      375.      2.39      3.26204  14412. -33.2891  -0.0000  4.67         0.063   116.386     15.62 100.0   0.0   0.0   0.499  73.7      57.4 180.0  94.7 182.6 360.0  97.3  93.6
 0  3.34     0.639      33.6      384.      2.37      3.25014  14336. -33.4260  -0.0000  4.67         0.063   114.919     15.68 100.0   0.0   0.0   0.504  74.3      57.5 180.0  94.6 182.6 360.0  97.2  93.6
 0  3.36     0.641      34.1      393.      2.36      3.23804  14259. -33.5651  -0.0000  4.66         0.062   113.442     15.75 100.0   0.0   0.0   0.508  74.8      57.6 180.0  94.6 182.5 360.0  97.1  93.5
 0  3.37     0.643      34.7      403.      2.34      3.22573  14181. -33.7067  -0.0000  4.66         0.061   111.953     15.82 100.0   0.0   0.0   0.513  75.5      57.7 180.0  94.5 182.5 360.0  97.0  93.5
 0  3.39     0.645      35.2      413.      2.32      3.21319  14101. -33.8507  -0.0000  4.66         0.060   110.453     15.89 100.0   0.0   0.0   0.518  76.1      57.8 180.0  94.5 182.4 360.0  96.9  93.4
 0  3.40     0.647      35.8      424.      2.30      3.20043  14019. -33.9973  -0.0000  4.66         0.059   108.942     15.97 100.0   0.0   0.0   0.522  76.7      57.9 180.0  94.4 182.4 360.0  96.8  93.4
 0  3.42     0.650      36.4      435.      2.28      3.18743  13937. -34.1465  -0.0000  4.65         0.059   107.419     16.05 100.0   0.0   0.0   0.527  77.4      58.0 180.0  94.4 182.4 360.0  96.7  93.4
 0  3.43     0.652      37.0      446.      2.26      3.17418  13852. -34.2984  -0.0000  4.65         0.058   105.884     16.12 100.0   0.0   0.0   0.533  78.1      58.1 180.0  94.3 182.3 360.0  96.6  93.3
 0  3.45     0.654      37.6      458.      2.24      3.16068  13766. -34.4532  -0.0000  4.65         0.057   104.337     16.21 100.0   0.0   0.0   0.538  78.8      58.2 180.0  94.3 182.3 360.0  96.5  93.3
 0  3.47     0.656      38.3      471.      2.22      3.14692  13678. -34.6110  -0.0000  4.65         0.056   102.778     16.29 100.0   0.0   0.0   0.543  79.5      58.3 180.0  94.2 182.2 360.0  96.4  93.2
 0  3.48     0.658      39.0      485.      2.20      3.13288  13589. -34.7719  -0.0000  4.64         0.055   101.206     16.38 100.0   0.0   0.0   0.549  80.2      58.4 180.0  94.2 182.2 360.0  96.3  93.2
 0  3.50     0.660      31.7      397.      2.18      3.12115  13514. -34.9062  -0.0000  4.64         0.054    99.907     16.45 100.0   0.0   0.0   0.553  80.9      58.5 180.0  94.1 182.1 360.0  96.2  93.1
 0  3.51     0.662      32.2      406.      2.16      3.10952  13440. -35.0395  -0.0000  4.64         0.054    98.631     16.53 100.0   0.0   0.0   0.558  81.5      58.6 180.0  94.1 182.1 360.0  96.2  93.1
 0  3.52     0.664      32.6      416.      2.15      3.09769  13365. -35.1749  -0.0000  4.64         0.053    97.347     16.61 100.0   0.0   0.0   0.563  82.1      58.7 180.0  94.0 182.1 360.0  96.1  93.0
 0  3.54     0.666      33.2      426.      2.13      3.08566  13288. -35.3125  -0.0000  4.63         0.052    96.054     16.69 100.0   0.0   0.0   0.568  82.8      58.8 180.0  94.0 182.0 360.0  96.0  93.0
 0  3.55     0.668      33.7      436.      2.11      3.07343  13210. -35.4526  -0.0000  4.63         0.052    94.752     16.77 100.0   0.0   0.0   0.573  83.5      58.9 180.0  93.9 182.0 360.0  95.9  93.0
 0  3.57     0.670      34.3      447.      2.09      3.06097  13131. -35.5950  -0.0000  4.63         0.051    93.441     16.85 100.0   0.0   0.0   0.578  84.2      59.0 180.0  93.9 181.9 360.0  95.8  92.9
 0  3.58     0.672      34.8      459.      2.08      3.04830  13050. -35.7401  -0.0000  4.63         0.050    92.121     16.94 100.0   0.0   0.0   0.583  84.9      59.1 180.0  93.9 181.9 360.0  95.8  92.9
 0  3.60     0.674      35.4      471.      2.06      3.03539  12968. -35.8876  -0.0000  4.62         0.049    90.791     17.03 100.0   0.0   0.0   0.588  85.6      59.2 180.0  93.8 181.9 360.0  95.7  92.8
 0  3.61     0.676      36.0      483.      2.04      3.02225  12884. -36.0379  -0.0000  4.62         0.049    89.452     17.12 100.0   0.0   0.0   0.594  86.4      59.3 180.0  93.8 181.8 360.0  95.6  92.8
 0  3.63     0.678      36.7      496.      2.02      3.00885  12799. -36.1909  -0.0000  4.62         0.048    88.103     17.22 100.0   0.0   0.0   0.599  87.2      59.4 180.0  93.7 181.8 360.0  95.5  92.8
 0  3.64     0.680      37.4      510.      2.00      2.99520  12712. -36.3469  -0.0000  4.62         0.047    86.745     17.31 100.0   0.0   0.0   0.605  88.0      59.5 180.0  93.7 181.7 360.0  95.4  92.7
 0  3.66     0.683      30.4      419.      1.99      2.98185  12627. -36.4995  -0.0000  4.61         0.047    85.431     17.41 100.0   0.0   0.0   0.610  88.8      59.6 180.0  93.6 181.7 360.0  95.3  92.7
 0  3.67     0.684      30.9      428.      1.97      2.97053  12555. -36.6289  -0.0000  4.61         0.046    84.329     17.50 100.0   0.0   0.0   0.615  89.5      59.7 180.0  93.6 181.7 360.0  95.3  92.6
 0  3.69     0.686      31.4      438.      1.96      2.95902  12481. -36.7603  -0.0000  4.61         0.045    83.221     17.58 100.0   0.0   0.0   0.620  90.2      59.8 180.0  93.6 181.6 360.0  95.2  92.6
 0  3.70     0.688      31.9      449.      1.94      2.94733  12407. -36.8939  -0.0000  4.61         0.045    82.105     17.67 100.0   0.0   0.0   0.625  90.9      59.9 180.0  93.5 181.6 360.0  95.1  92.6
 0  3.71     0.690      32.4      459.      1.92      2.93544  12331. -37.0297  -0.0000  4.61         0.044    80.983     17.77 100.0   0.0   0.0   0.630  91.6      60.0 180.0  93.5 181.5 360.0  95.1  92.5
 0  3.73     0.692      33.0      471.      1.91      2.92336  12254. -37.1678  -0.0000  4.60         0.043    79.854     17.86 100.0   0.0   0.0   0.635  92.4      60.1 180.0  93.5 181.5 360.0  95.0  92.5
 0  3.74     0.694      33.5      482.      1.89      2.91106  12176. -37.3083  -0.0000  4.60         0.043    78.717     17.96 100.0   0.0   0.0   0.641  93.2      60.2 180.0  93.4 181.5 360.0  94.9  92.5
 0  3.76     0.696      34.1      494.      1.88      2.89854  12096. -37.4512  -0.0000  4.60         0.042    77.573     18.06 100.0   0.0   0.0   0.646  94.0      60.3 180.0  93.4 181.4 360.0  94.8  92.4
 0  3.77     0.698      34.7      507.      1.86      2.88581  12015. -37.5967  -0.0000  4.60         0.042    76.422     18.16 100.0   0.0   0.0   0.652  94.8      60.4 180.0  93.4 181.4 360.0  94.8  92.4
 0  3.79     0.700      35.4      521.      1.84      2.87285  11932. -37.7447  -0.0000  4.59         0.041    75.264     18.27 100.0   0.0   0.0   0.657  95.7      60.5 180.0  93.3 181.4 360.0  94.7  92.3
 0  3.80     0.702      36.0      534.      1.83      2.85965  11848. -37.8955  -0.0000  4.59         0.040    74.098     18.38 100.0   0.0   0.0   0.663  96.6      60.6 180.0  93.3 181.3 360.0  94.6  92.3
STOP#1: Final latitude crossed.                                                                     
TRACE (ray tracing) input values
___________________________________________________:_______|______|
GEOMAG MODEL-COORDINATES (0:DIPOLE-MAG, 1:IGRF-GEO):             0
     IGRF OR DIPOLE INTERPOLATION DATE (IYEAR,IDOY):   2016     20
MAGNETIC-FIELD multiplier    (1. for normal dipole):  0.800000    
DENS MODEL (0..DIF EQUIL 1..+PLASMAPAUSE 2...+DUCT):             0
                PLASMAPAUSE relative density change:  0.600000    
                          PLASMAPAUSE  L-HALF WIDTH:  0.500000    
                     PLASMAPAUSE L-CENTRAL POSITION:   3.00000    
                  DUCT relative density enhancement: -0.600000    
                                  DUCT L-HALF WIDTH:  0.500000    
                            DUCT L-CENTRAL POSITION:   6.65000    
              ALTITUDE of the IONOSPHERIC BASE (km):   89.0000    
                   ALTITUDE of REFERENCE LEVEL (km):   27391.0    
             DENSITY AT the REFERENCE LEVEL (cm^-3):   10.0000    
                      nH+/ne at the REFERENCE LEVEL:   1.00000    
                     nHe+/ne at the REFERENCE LEVEL:   0.00000    
                      n0+/ne at the REFERENCE LEVEL:   0.00000    
                                    temperature (K):   1000.00    
                             Initial latitude (deg):   0.00000    
                               Final latitude (deg):  -38.0000    
                            Initial longitude (deg):   0.00000    
                              Initial altitude (km):   26117.0    
                                Final altitude (km):   4000.00    
                                     Frequency (Hz):   1700.00    
                       INITIAL VALUE OF THETA (deg):   150.000    
                         INITIAL VALUE OF Phi (deg):   0.00000    
--------- Density model ----------
Reference point: 
  R (Re)    Alt (km) ID   n(cm-3)      %H+     %He+     %O+
  5.30     0.274E+05  0  10.0      100.      0.00      0.00    
Density profile at the dipole equator: 
  L (Re)    Alt (km) ID   n(cm-3)      %H+     %He+     %O+
  1.00      0.00     -3       NaN       NaN       NaN       NaN
  1.02      127.     -3       NaN       NaN       NaN       NaN
  1.04      255.     -3       NaN       NaN       NaN       NaN
  1.06      382.     -3       NaN       NaN       NaN       NaN
  1.08      510.      0       NaN       NaN       NaN       NaN
  1.10      637.      0  152.      100.      0.00      0.00    
  1.12      765.      0  143.      100.      0.00      0.00    
  1.14      892.      0  135.      100.      0.00      0.00    
  1.16     0.102E+04  0  128.      100.      0.00      0.00    
  1.18     0.115E+04  0  121.      100.      0.00      0.00    
  1.20     0.127E+04  0  114.      100.      0.00      0.00    
  1.22     0.140E+04  0  109.      100.      0.00      0.00    
  1.24     0.153E+04  0  103.      100.      0.00      0.00    
  1.26     0.166E+04  0  98.5      100.      0.00      0.00    
  1.28     0.178E+04  0  94.0      100.      0.00      0.00    
  1.30     0.191E+04  0  89.8      100.      0.00      0.00    
  1.32     0.204E+04  0  86.0      100.      0.00      0.00    
  1.34     0.217E+04  0  82.4      100.      0.00      0.00    
  1.36     0.229E+04  0  79.0      100.      0.00      0.00    
  1.38     0.242E+04  0  75.9      100.      0.00      0.00    
  1.40     0.255E+04  0  73.0      100.      0.00      0.00    
  1.42     0.268E+04  0  70.3      100.      0.00      0.00    
  1.44     0.280E+04  0  67.7      100.      0.00      0.00    
  1.46     0.293E+04  0  65.3      100.      0.00      0.00    
  1.48     0.306E+04  0  63.1      100.      0.00      0.00    
  1.50     0.319E+04  0  61.0      100.      0.00      0.00    
  1.52     0.331E+04  0  59.0      100.      0.00      0.00    
  1.54     0.344E+04  0  57.1      100.      0.00      0.00    
  1.56     0.357E+04  0  55.3      100.      0.00      0.00    
  1.58     0.370E+04  0  53.6      100.      0.00      0.00    
  1.60     0.382E+04  0  52.1      100.      0.00      0.00    
  1.62     0.395E+04  0  50.6      100.      0.00      0.00    
  1.64     0.408E+04  0  49.2      100.      0.00      0.00    
  1.66     0.420E+04  0  47.8      100.      0.00      0.00    
  1.68     0.433E+04  0  46.5      100.      0.00      0.00    
  1.70     0.446E+04  0  45.3      100.      0.00      0.00    
  1.72     0.459E+04  0  44.2      100.      0.00      0.00    
  1.74     0.471E+04  0  43.1      100.      0.00      0.00    
  1.76     0.484E+04  0  42.0      100.      0.00      0.00    
  1.78     0.497E+04  0  41.0      100.      0.00      0.00    
  1.80     0.510E+04  0  40.0      100.      0.00      0.00    
  1.82     0.522E+04  0  39.1      100.      0.00      0.00    
  1.84     0.535E+04  0  38.3      100.      0.00      0.00    
  1.86     0.548E+04  0  37.4      100.      0.00      0.00    
  1.88     0.561E+04  0  36.6      100.      0.00      0.00    
  1.90     0.573E+04  0  35.9      100.      0.00      0.00    
  1.92     0.586E+04  0  35.1      100.      0.00      0.00    
  1.94     0.599E+04  0  34.4      100.      0.00      0.00    
  1.96     0.612E+04  0  33.7      100.      0.00      0.00    
  1.98     0.624E+04  0  33.1      100.      0.00      0.00    
  2.00     0.637E+04  0  32.5      100.      0.00      0.00    
  2.02     0.650E+04  0  31.9      100.      0.00      0.00    
  2.04     0.663E+04  0  31.3      100.      0.00      0.00    
  2.06     0.675E+04  0  30.7      100.      0.00      0.00    
  2.08     0.688E+04  0  30.2      100.      0.00      0.00    
  2.10     0.701E+04  0  29.7      100.      0.00      0.00    
  2.12     0.714E+04  0  29.2      100.      0.00      0.00    
  2.14     0.726E+04  0  28.7      100.      0.00      0.00    
  2.16     0.739E+04  0  28.2      100.      0.00      0.00    
  2.18     0.752E+04  0  27.8      100.      0.00      0.00    
  2.20     0.765E+04  0  27.3      100.      0.00      0.00    
  2.22     0.777E+04  0  26.9      100.      0.00      0.00    
  2.24     0.790E+04  0  26.5      100.      0.00      0.00    
  2.26     0.803E+04  0  26.1      100.      0.00      0.00    
  2.28     0.816E+04  0  25.7      100.      0.00      0.00    
  2.30     0.828E+04  0  25.4      100.      0.00      0.00    
  2.32     0.841E+04  0  25.0      100.      0.00      0.00    
  2.34     0.854E+04  0  24.7      100.      0.00      0.00    
  2.36     0.866E+04  0  24.3      100.      0.00      0.00    
  2.38     0.879E+04  0  24.0      100.      0.00      0.00    
  2.40     0.892E+04  0  23.7      100.      0.00      0.00    
  2.42     0.905E+04  0  23.4      100.      0.00      0.00    
  2.44     0.917E+04  0  23.1      100.      0.00      0.00    
  2.46     0.930E+04  0  22.8      100.      0.00      0.00    
  2.48     0.943E+04  0  22.5      100.      0.00      0.00    
  2.50     0.956E+04  0  22.2      100.      0.00      0.00    
  2.52     0.968E+04  0  22.0      100.      0.00      0.00    
  2.54     0.981E+04  0  21.7      100.      0.00      0.00    
  2.56     0.994E+04  0  21.5      100.      0.00      0.00    
  2.58     0.101E+05  0  21.2      100.      0.00      0.00    
  2.60     0.102E+05  0  21.0      100.      0.00      0.00    
  2.62     0.103E+05  0  20.7      100.      0.00      0.00    
  2.64     0.104E+05  0  20.5      100.      0.00      0.00    
  2.66     0.106E+05  0  20.3      100.      0.00      0.00    
  2.68     0.107E+05  0  20.1      100.      0.00      0.00    
  2.70     0.108E+05  0  19.9      100.      0.00      0.00    
  2.72     0.110E+05  0  19.7      100.      0.00      0.00    
  2.74     0.111E+05  0  19.5      100.      0.00      0.00    
  2.76     0.112E+05  0  19.3      100.      0.00      0.00    
  2.78     0.113E+05  0  19.1      100.      0.00      0.00    
  2.80     0.115E+05  0  18.9      100.      0.00      0.00    
  2.82     0.116E+05  0  18.7      100.      0.00      0.00    
  2.84     0.117E+05  0  18.6      100.      0.00      0.00    
  2.86     0.119E+05  0  18.4      100.      0.00      0.00    
  2.88     0.120E+05  0  18.2      100.      0.00      0.00    
  2.90     0.121E+05  0  18.0      100.      0.00      0.00    
  2.92     0.122E+05  0  17.9      100.      0.00      0.00    
  2.94     0.124E+05  0  17.7      100.      0.00      0.00    
  2.96     0.125E+05  0  17.6      100.      0.00      0.00    
  2.98     0.126E+05  0  17.4      100.      0.00      0.00    
  3.00     0.127E+05  0  17.3      100.      0.00      0.00    
  3.02     0.129E+05  0  17.1      100.      0.00      0.00    
  3.04     0.130E+05  0  17.0      100.      0.00      0.00    
  3.06     0.131E+05  0  16.9      100.      0.00      0.00    
  3.08     0.133E+05  0  16.7      100.      0.00      0.00    
  3.10     0.134E+05  0  16.6      100.      0.00      0.00    
  3.12     0.135E+05  0  16.5      100.      0.00      0.00    
  3.14     0.136E+05  0  16.3      100.      0.00      0.00    
  3.16     0.138E+05  0  16.2      100.      0.00      0.00    
  3.18     0.139E+05  0  16.1      100.      0.00      0.00    
  3.20     0.140E+05  0  16.0      100.      0.00      0.00    
  3.22     0.141E+05  0  15.9      100.      0.00      0.00    
  3.24     0.143E+05  0  15.7      100.      0.00      0.00    
  3.26     0.144E+05  0  15.6      100.      0.00      0.00    
  3.28     0.145E+05  0  15.5      100.      0.00      0.00    
  3.30     0.147E+05  0  15.4      100.      0.00      0.00    
  3.32     0.148E+05  0  15.3      100.      0.00      0.00    
  3.34     0.149E+05  0  15.2      100.      0.00      0.00    
  3.36     0.150E+05  0  15.1      100.      0.00      0.00    
  3.38     0.152E+05  0  15.0      100.      0.00      0.00    
  3.40     0.153E+05  0  14.9      100.      0.00      0.00    
  3.42     0.154E+05  0  14.8      100.      0.00      0.00    
  3.44     0.155E+05  0  14.7      100.      0.00      0.00    
  3.46     0.157E+05  0  14.6      100.      0.00      0.00    
  3.48     0.158E+05  0  14.5      100.      0.00      0.00    
  3.50     0.159E+05  0  14.4      100.      0.00      0.00    
  3.52     0.161E+05  0  14.3      100.      0.00      0.00    
  3.54     0.162E+05  0  14.3      100.      0.00      0.00    
  3.56     0.163E+05  0  14.2      100.      0.00      0.00    
  3.58     0.164E+05  0  14.1      100.      0.00      0.00    
  3.60     0.166E+05  0  14.0      100.      0.00      0.00    
  3.62     0.167E+05  0  13.9      100.      0.00      0.00    
  3.64     0.168E+05  0  13.8      100.      0.00      0.00    
  3.66     0.169E+05  0  13.8      100.      0.00      0.00    
  3.68     0.171E+05  0  13.7      100.      0.00      0.00    
  3.70     0.172E+05  0  13.6      100.      0.00      0.00    
  3.72     0.173E+05  0  13.5      100.      0.00      0.00    
  3.74     0.175E+05  0  13.5      100.      0.00      0.00    
  3.76     0.176E+05  0  13.4      100.      0.00      0.00    
  3.78     0.177E+05  0  13.3      100.      0.00      0.00    
  3.80     0.178E+05  0  13.3      100.      0.00      0.00    
  3.82     0.180E+05  0  13.2      100.      0.00      0.00    
  3.84     0.181E+05  0  13.1      100.      0.00      0.00    
  3.86     0.182E+05  0  13.0      100.      0.00      0.00    
  3.88     0.183E+05  0  13.0      100.      0.00      0.00    
  3.90     0.185E+05  0  12.9      100.      0.00      0.00    
  3.92     0.186E+05  0  12.9      100.      0.00      0.00    
  3.94     0.187E+05  0  12.8      100.      0.00      0.00    
  3.96     0.189E+05  0  12.7      100.      0.00      0.00    
  3.98     0.190E+05  0  12.7      100.      0.00      0.00    
  4.00     0.191E+05  0  12.6      100.      0.00      0.00    
  4.02     0.192E+05  0  12.5      100.      0.00      0.00    
  4.04     0.194E+05  0  12.5      100.      0.00      0.00    
  4.06     0.195E+05  0  12.4      100.      0.00      0.00    
  4.08     0.196E+05  0  12.4      100.      0.00      0.00    
  4.10     0.198E+05  0  12.3      100.      0.00      0.00    
  4.12     0.199E+05  0  12.3      100.      0.00      0.00    
  4.14     0.200E+05  0  12.2      100.      0.00      0.00    
  4.16     0.201E+05  0  12.2      100.      0.00      0.00    
  4.18     0.203E+05  0  12.1      100.      0.00      0.00    
  4.20     0.204E+05  0  12.1      100.      0.00      0.00    
  4.22     0.205E+05  0  12.0      100.      0.00      0.00    
  4.24     0.206E+05  0  12.0      100.      0.00      0.00    
  4.26     0.208E+05  0  11.9      100.      0.00      0.00    
  4.28     0.209E+05  0  11.9      100.      0.00      0.00    
  4.30     0.210E+05  0  11.8      100.      0.00      0.00    
  4.32     0.212E+05  0  11.8      100.      0.00      0.00    
  4.34     0.213E+05  0  11.7      100.      0.00      0.00    
  4.36     0.214E+05  0  11.7      100.      0.00      0.00    
  4.38     0.215E+05  0  11.6      100.      0.00      0.00    
  4.40     0.217E+05  0  11.6      100.      0.00      0.00    
  4.42     0.218E+05  0  11.5      100.      0.00      0.00    
  4.44     0.219E+05  0  11.5      100.      0.00      0.00    
  4.46     0.220E+05  0  11.4      100.      0.00      0.00    
  4.48     0.222E+05  0  11.4      100.      0.00      0.00    
  4.50     0.223E+05  0  11.4      100.      0.00      0.00    
  4.52     0.224E+05  0  11.3      100.      0.00      0.00    
  4.54     0.226E+05  0  11.3      100.      0.00      0.00    
  4.56     0.227E+05  0  11.2      100.      0.00      0.00    
  4.58     0.228E+05  0  11.2      100.      0.00      0.00    
  4.60     0.229E+05  0  11.1      100.      0.00      0.00    
  4.62     0.231E+05  0  11.1      100.      0.00      0.00    
  4.64     0.232E+05  0  11.1      100.      0.00      0.00    
  4.66     0.233E+05  0  11.0      100.      0.00      0.00    
  4.68     0.234E+05  0  11.0      100.      0.00      0.00    
  4.70     0.236E+05  0  11.0      100.      0.00      0.00    
  4.72     0.237E+05  0  10.9      100.      0.00      0.00    
  4.74     0.238E+05  0  10.9      100.      0.00      0.00    
  4.76     0.240E+05  0  10.8      100.      0.00      0.00    
  4.78     0.241E+05  0  10.8      100.      0.00      0.00    
  4.80     0.242E+05  0  10.8      100.      0.00      0.00    
  4.82     0.243E+05  0  10.7      100.      0.00      0.00    
  4.84     0.245E+05  0  10.7      100.      0.00      0.00    
  4.86     0.246E+05  0  10.7      100.      0.00      0.00    
  4.88     0.247E+05  0  10.6      100.      0.00      0.00    
  4.90     0.248E+05  0  10.6      100.      0.00      0.00    
  4.92     0.250E+05  0  10.6      100.      0.00      0.00    
  4.94     0.251E+05  0  10.5      100.      0.00      0.00    
  4.96     0.252E+05  0  10.5      100.      0.00      0.00    
  4.98     0.254E+05  0  10.5      100.      0.00      0.00    
  5.00     0.255E+05  0  10.4      100.      0.00      0.00    
  5.02     0.256E+05  0  10.4      100.      0.00      0.00    
  5.04     0.257E+05  0  10.4      100.      0.00      0.00    
  5.06     0.259E+05  0  10.3      100.      0.00      0.00    
  5.08     0.260E+05  0  10.3      100.      0.00      0.00    
  5.10     0.261E+05  0  10.3      100.      0.00      0.00    
  5.12     0.262E+05  0  10.3      100.      0.00      0.00    
  5.14     0.264E+05  0  10.2      100.      0.00      0.00    
  5.16     0.265E+05  0  10.2      100.      0.00      0.00    
  5.18     0.266E+05  0  10.2      100.      0.00      0.00    
  5.20     0.268E+05  0  10.1      100.      0.00      0.00    
  5.22     0.269E+05  0  10.1      100.      0.00      0.00    
  5.24     0.270E+05  0  10.1      100.      0.00      0.00    
  5.26     0.271E+05  0  10.1      100.      0.00      0.00    
  5.28     0.273E+05  0  10.0      100.      0.00      0.00    
  5.30     0.274E+05  0  10.0      100.      0.00      0.00    
  5.32     0.275E+05  0  9.97      100.      0.00      0.00    
  5.34     0.277E+05  0  9.95      100.      0.00      0.00    
  5.36     0.278E+05  0  9.92      100.      0.00      0.00    
  5.38     0.279E+05  0  9.89      100.      0.00      0.00    
  5.40     0.280E+05  0  9.87      100.      0.00      0.00    
  5.42     0.282E+05  0  9.84      100.      0.00      0.00    
  5.44     0.283E+05  0  9.82      100.      0.00      0.00    
  5.46     0.284E+05  0  9.79      100.      0.00      0.00    
  5.48     0.285E+05  0  9.77      100.      0.00      0.00    
  5.50     0.287E+05  0  9.74      100.      0.00      0.00    
  5.52     0.288E+05  0  9.72      100.      0.00      0.00    
  5.54     0.289E+05  0  9.69      100.      0.00      0.00    
  5.56     0.291E+05  0  9.67      100.      0.00      0.00    
  5.58     0.292E+05  0  9.65      100.      0.00      0.00    
  5.60     0.293E+05  0  9.62      100.      0.00      0.00    
  5.62     0.294E+05  0  9.60      100.      0.00      0.00    
  5.64     0.296E+05  0  9.58      100.      0.00      0.00    
  5.66     0.297E+05  0  9.56      100.      0.00      0.00    
  5.68     0.298E+05  0  9.53      100.      0.00      0.00    
  5.70     0.299E+05  0  9.51      100.      0.00      0.00    
  5.72     0.301E+05  0  9.49      100.      0.00      0.00    
  5.74     0.302E+05  0  9.47      100.      0.00      0.00    
  5.76     0.303E+05  0  9.45      100.      0.00      0.00    
  5.78     0.305E+05  0  9.42      100.      0.00      0.00    
  5.80     0.306E+05  0  9.40      100.      0.00      0.00    
  5.82     0.307E+05  0  9.38      100.      0.00      0.00    
  5.84     0.308E+05  0  9.36      100.      0.00      0.00    
  5.86     0.310E+05  0  9.34      100.      0.00      0.00    
  5.88     0.311E+05  0  9.32      100.      0.00      0.00    
  5.90     0.312E+05  0  9.30      100.      0.00      0.00    
  5.92     0.313E+05  0  9.28      100.      0.00      0.00    
  5.94     0.315E+05  0  9.26      100.      0.00      0.00    
  5.96     0.316E+05  0  9.24      100.      0.00      0.00    
  5.98     0.317E+05  0  9.22      100.      0.00      0.00    
  6.00     0.319E+05  0  9.20      100.      0.00      0.00    
  6.02     0.320E+05  0  9.18      100.      0.00      0.00    
  6.04     0.321E+05  0  9.16      100.      0.00      0.00    
  6.06     0.322E+05  0  9.14      100.      0.00      0.00    
  6.08     0.324E+05  0  9.12      100.      0.00      0.00    
  6.10     0.325E+05  0  9.11      100.      0.00      0.00    
  6.12     0.326E+05  0  9.09      100.      0.00      0.00    
  6.14     0.327E+05  0  9.07      100.      0.00      0.00    
  6.16     0.329E+05  0  9.05      100.      0.00      0.00    
  6.18     0.330E+05  0  9.03      100.      0.00      0.00    
  6.20     0.331E+05  0  9.02      100.      0.00      0.00    
  6.22     0.333E+05  0  9.00      100.      0.00      0.00    
  6.24     0.334E+05  0  8.98      100.      0.00      0.00    
  6.26     0.335E+05  0  8.96      100.      0.00      0.00    
  6.28     0.336E+05  0  8.95      100.      0.00      0.00    
  6.30     0.338E+05  0  8.93      100.      0.00      0.00    
  6.32     0.339E+05  0  8.91      100.      0.00      0.00    
  6.34     0.340E+05  0  8.89      100.      0.00      0.00    
  6.36     0.341E+05  0  8.88      100.      0.00      0.00    
  6.38     0.343E+05  0  8.86      100.      0.00      0.00    
  6.40     0.344E+05  0  8.84      100.      0.00      0.00    
  6.42     0.345E+05  0  8.83      100.      0.00      0.00    
  6.44     0.347E+05  0  8.81      100.      0.00      0.00    
  6.46     0.348E+05  0  8.80      100.      0.00      0.00    
  6.48     0.349E+05  0  8.78      100.      0.00      0.00    
  6.50     0.350E+05  0  8.76      100.      0.00      0.00    
  6.52     0.352E+05  0  8.75      100.      0.00      0.00    
  6.54     0.353E+05  0  8.73      100.      0.00      0.00    
  6.56     0.354E+05  0  8.72      100.      0.00      0.00    
  6.58     0.356E+05  0  8.70      100.      0.00      0.00    
  6.60     0.357E+05  0  8.69      100.      0.00      0.00    
  6.62     0.358E+05  0  8.67      100.      0.00      0.00    
  6.64     0.359E+05  0  8.66      100.      0.00      0.00    
  6.66     0.361E+05  0  8.64      100.      0.00      0.00    
  6.68     0.362E+05  0  8.63      100.      0.00      0.00    
  6.70     0.363E+05  0  8.61      100.      0.00      0.00    
  6.72     0.364E+05  0  8.60      100.      0.00      0.00    
  6.74     0.366E+05  0  8.59      100.      0.00      0.00    
  6.76     0.367E+05  0  8.57      100.      0.00      0.00    
  6.78     0.368E+05  0  8.56      100.      0.00      0.00    
  6.80     0.370E+05  0  8.54      100.      0.00      0.00    
  6.82     0.371E+05  0  8.53      100.      0.00      0.00    
  6.84     0.372E+05  0  8.51      100.      0.00      0.00    
  6.86     0.373E+05  0  8.50      100.      0.00      0.00    
  6.88     0.375E+05  0  8.49      100.      0.00      0.00    
  6.90     0.376E+05  0  8.47      100.      0.00      0.00    
  6.92     0.377E+05  0  8.46      100.      0.00      0.00    
  6.94     0.378E+05  0  8.45      100.      0.00      0.00    
  6.96     0.380E+05  0  8.43      100.      0.00      0.00    
  6.98     0.381E+05  0  8.42      100.      0.00      0.00    
  7.00     0.382E+05  0  8.41      100.      0.00      0.00    
